550 4.3623 2.7358
560 4.34157 2.35746
570 4.32083 1.97911
580 4.3001 1.60083
590 4.27936 1.30913
600 4.25863 1.06618
610 4.2379 0.864529
620 4.21716 0.696645
630 4.19643 0.556193
640 4.1757 0.43885
650 4.15497 0.341488
660 4.13425 0.260847
670 4.11353 0.194894
680 4.09284 0.141671
690 4.07218 0.0991845
700 4.05158 0.0656086
710 4.03111 0.0407501
720 4.01082 0.0234348
730 3.99085 0.0140684
740 3.97131 0.00914857
750 3.95229 0.00673676
760 3.93388 0.00559281
770 3.91612 0.00506552
780 3.89896 0.00473471
790 3.88235 0.00440425
800 3.8671 0.00407378
810 3.85278 0.00374331
820 3.83967 0.00341285
830 3.82714 0.00308239
840 3.81534 0.00275193
850 3.80429 0.0024215
860 3.79354 0.0021012
870 3.78372 0.00178244
880 3.7742 0.00154979
890 3.76542 0.00132515
900 3.75695 0.00116327
910 3.74876 0.00102629
920 3.74097 0.000889404
930 3.73351 0.000755672
940 3.72638 0.00062633
950 3.71969 0.000497591
960 3.71304 0.000423587
970 3.70676 0.000349583
980 3.7005 0.00027601
990 3.69433 0.000203592
1000 3.68862 0.000131174
1010 3.68333 5.87567e-005
1020 3.6781 5.74208e-005
1030 3.67295 5.61655e-005
1040 3.66796 5.49103e-005
1050 3.66315 5.36551e-005
1060 3.65852 5.23999e-005
1070 3.65407 5.11447e-005
1080 3.64974 4.98894e-005
1090 3.64555 4.86342e-005
1100 3.64166 4.7379e-005
1110 3.63807 4.61238e-005
1120 3.63455 4.48685e-005
1130 3.63103 4.36133e-005
1140 3.62756 4.23581e-005
1150 3.62411 4.11029e-005
1160 3.62066 3.98476e-005
1170 3.61723 3.85924e-005
1180 3.61395 3.73372e-005
1190 3.61085 3.6082e-005
1200 3.60788 3.48267e-005
1210 3.60511 3.35715e-005
1220 3.60239 3.23163e-005
1230 3.5997 3.10611e-005
1240 3.59703 2.98058e-005
1250 3.59443 2.85506e-005
1260 3.59193 2.72954e-005
1270 3.58948 2.60402e-005
1280 3.58704 2.47849e-005
1290 3.58482 2.35297e-005
1300 3.58264 2.22745e-005
1310 3.58046 2.10193e-005
1320 3.57829 1.97641e-005
1330 3.57617 1.85088e-005
1340 3.57404 1.72536e-005
1350 3.57192 1.59984e-005
1360 3.56999 1.47432e-005
1370 3.56817 1.34879e-005
1380 3.56635 1.22327e-005
1390 3.56456 1.09775e-005
1400 3.56277 9.72226e-006
1410 3.56099 8.46703e-006
1420 3.55931 7.21181e-006
1430 3.55764 5.95659e-006
1440 3.55598 4.70137e-006
1450 3.55436 3.44616e-006
1460 3.55289 2.19094e-006
1470 3.55141 9.40654e-007
1480 3.54994 9.85128e-011
1490 3.54847 9.58979e-011
1500 3.547 9.58979e-011
1510 3.54552 9.58979e-011
1520 3.54405 9.58979e-011
1530 3.54258 9.58979e-011
