550 0.000960728
560 0.00250572
570 0.00627628
580 0.015069
590 0.0290428
600 0.049299
610 0.0757401
620 0.1081
630 0.1464
640 0.1909
650 0.242
660 0.3005
670 0.3667
680 0.4404
690 0.5207
700 0.6056
710 0.6892
720 0.7652
730 0.8236
740 0.8649
750 0.8901
760 0.9012
770 0.900399
780 0.890201
790 0.872899
800 0.8507
810 0.8253
820 0.7983
830 0.7706
840 0.7431
850 0.716399
860 0.690701
870 0.666497
880 0.643603
890 0.622298
900 0.602399
910 0.583902
920 0.5668
930 0.550997
940 0.536412
950 0.522979
960 0.510533
970 0.499072
980 0.488485
990 0.478716
1000 0.469732
1010 0.461461
1020 0.453798
1030 0.446726
1040 0.440206
1050 0.434193
1060 0.428649
1070 0.423538
1080 0.418828
1090 0.414489
1100 0.410487
1110 0.406794
1120 0.403397
1130 0.400279
1140 0.397421
1150 0.394809
1160 0.39243
1170 0.390268
1180 0.388299
1190 0.386508
1200 0.384884
1210 0.383411
1220 0.382092
1230 0.38092
1240 0.37989
1250 0.378988
1260 0.3782
1270 0.377529
1280 0.37697
1290 0.376493
1300 0.376113
1310 0.375832
1320 0.375643
1330 0.375536
1340 0.375514
1350 0.375574
1360 0.375683
1370 0.375847
1380 0.37608
1390 0.376376
1400 0.376735
1410 0.377156
1420 0.377616
1430 0.378131
1440 0.378701
1450 0.379311
1460 0.379947
1470 0.380629
1480 0.381356
1490 0.382126
1500 0.382937
1510 0.383789
1520 0.384679
1530 0.385607
