550 4.56967 2.88839
560 4.50729 2.37092
570 4.45062 1.94393
580 4.39891 1.59116
590 4.35156 1.29946
600 4.30805 1.05809
610 4.26793 0.858311
620 4.23084 0.692966
630 4.19645 0.556173
640 4.16449 0.44309
650 4.13472 0.34972
660 4.10693 0.272752
670 4.08093 0.209433
680 4.05657 0.157461
690 4.03369 0.114892
700 4.01218 0.0800318
710 3.99192 0.053068
720 3.97281 0.0331296
730 3.95475 0.020955
740 3.93767 0.013422
750 3.9215 0.00870129
760 3.90616 0.00570663
770 3.8916 0.0037845
780 3.87777 0.00253678
790 3.8646 0.00171801
800 3.85207 0.00117509
810 3.84012 0.000811435
820 3.82872 0.00056549
830 3.81784 0.000397593
840 3.80744 0.000281941
850 3.79749 0.000201581
860 3.78797 0.000145275
870 3.77884 0.000105502
880 3.7701 7.71866e-005
890 3.76171 5.69809e-005
900 3.75366 4.39242e-005
910 3.74593 3.52523e-005
920 3.73849 2.92607e-005
930 3.73134 2.49815e-005
940 3.72447 2.18391e-005
950 3.71784 1.94767e-005
960 3.71146 1.76653e-005
970 3.70531 1.62532e-005
980 3.69939 1.5137e-005
990 3.69366 1.42444e-005
1000 3.68814 1.35238e-005
1010 3.68281 1.29375e-005
1020 3.67766 1.24578e-005
1030 3.67268 1.20635e-005
1040 3.66786 1.17385e-005
1050 3.6632 1.14704e-005
1060 3.65869 1.12492e-005
1070 3.65433 1.10673e-005
1080 3.6501 1.09183e-005
1090 3.646 1.07972e-005
1100 3.64203 1.06998e-005
1110 3.63818 1.06228e-005
1120 3.63445 1.05633e-005
1130 3.63082 1.05189e-005
1140 3.62731 1.04877e-005
1150 3.62389 1.0468e-005
1160 3.62058 1.04583e-005
1170 3.61735 1.04575e-005
1180 3.61422 1.04645e-005
1190 3.61118 1.04785e-005
1200 3.60822 1.04985e-005
1210 3.60534 1.0524e-005
1220 3.60254 1.05544e-005
1230 3.59981 1.05891e-005
1240 3.59716 1.06278e-005
1250 3.59457 1.06699e-005
1260 3.59205 1.07152e-005
1270 3.5896 1.07634e-005
1280 3.58721 1.08142e-005
1290 3.58488 1.08672e-005
1300 3.58261 1.09224e-005
1310 3.5804 1.09796e-005
1320 3.57824 1.10385e-005
1330 3.57613 1.10989e-005
1340 3.57407 1.11609e-005
1350 3.57207 1.12242e-005
1360 3.57011 1.12887e-005
1370 3.5682 1.13543e-005
1380 3.56633 1.1421e-005
1390 3.5645 1.14886e-005
1400 3.56272 1.1557e-005
1410 3.56098 1.16263e-005
1420 3.55928 1.16963e-005
1430 3.55761 1.1767e-005
1440 3.55598 1.18383e-005
1450 3.55439 1.19102e-005
1460 3.55284 1.19827e-005
1470 3.55131 1.20557e-005
1480 3.54982 1.21291e-005
1490 3.54837 1.22029e-005
1500 3.54694 1.22772e-005
1510 3.54554 1.23518e-005
1520 3.54417 1.24268e-005
1530 3.54284 1.25021e-005
