550 0.0006453
560 0.002337
570 0.006564
580 0.015
590 0.02904
600 0.0493
610 0.07574
620 0.1081
630 0.1464
640 0.1909
650 0.242
660 0.3005
670 0.3667
680 0.4404
690 0.5207
700 0.6056
710 0.6892
720 0.7652
730 0.8236
740 0.8649
750 0.8901
760 0.9012
770 0.9004
780 0.8902
790 0.8729
800 0.8507
810 0.8253
820 0.7983
830 0.7706
840 0.7431
850 0.7164
860 0.6907
870 0.6665
880 0.6436
890 0.6223
900 0.6024
910 0.5839
920 0.5668
930 0.551
940 0.5364
950 0.523
960 0.5105
970 0.4991
980 0.4885
990 0.4787
1000 0.4697
1010 0.4615
1020 0.4538
1030 0.4467
1040 0.4402
1050 0.4342
1060 0.4287
1070 0.4235
1080 0.4188
1090 0.4145
1100 0.4105
1110 0.4068
1120 0.4034
1130 0.4003
1140 0.3974
1150 0.3948
1160 0.3924
1170 0.3903
1180 0.3883
1190 0.3865
1200 0.3849
1210 0.3834
1220 0.3821
1230 0.3809
1240 0.3799
1250 0.379
1260 0.3782
1270 0.3775
1280 0.377
1290 0.3765
1300 0.3761
1310 0.3758
1320 0.3757
1330 0.3755
1340 0.3755
1350 0.3756
1360 0.3757
1370 0.3758
1380 0.3761
1390 0.3764
1400 0.3767
1410 0.3772
1420 0.3776
1430 0.3781
1440 0.3787
1450 0.3793
1460 0.38
1470 0.3806
1480 0.3814
1490 0.3821
1500 0.3829
1510 0.3838
1520 0.3847
1530 0.3856
